PROJE 2 (Merge Sort)
  o-------> [16,21,11,8,12,22] -> Merge Sort dizisinin sort türüne göre aşamaları;
   [16,21,11]         [8,12,22]
          |                        |
  [16,21] [11]       [8,12] [22]
          |                          |       
  [16] [21] [11]     [8] [12] [22]        o-->Big O gösterimi: O(nlogn)
          |                           |
  [16,21] [11]       [8,12] [22]
         |                           |
  [11,16,21]         [8,12,22]
                      |
        [8,11,12,16,21,22]   